117
117
118
116
115
116
115
114
114
116
114
114
114
113
114
115
113
113
113
113
113
114
113
113
114
114
113
114
113
114
114
113
113
112
113
112
114
113
114
112
113
114
114
20
114
114
113
112
112
112
113
9
8
8
7
7
8
7
7
7
7
7
7
7
7
8
7
7
7
9
6
6
7
5
4
4
5
5
5
5
5
4
4
4
4
4
4
5
5
5
6
7
10
9
6
6
6
6
7
7
7
7
7
7
7
7
7
7
7
7
7
7
7
7
7
7
7
7
7
7
8
8
7
7
7
11
6
5
5
5
5
5
5
5
4
5
5
6
5
5
5
5
5
5
5
5
4
5
4
5
6
6
2182
7
6
6
7
7
7
6
6
6
6
6
7
7
7
7
8
7
7
7
7
7
7
7
7
7
7
8
9
8
9
9
111
11
10
9
10
10
10
11
12
111
110
110
110
111
110
110
110
111
111
110
111
110
110
109
109
109
110
110
110
113
115
117
13
15
123

